 1 4.9726095 0.5226423 1
 61 4.9726095 0.5226423 0
 121 2.4863048 0.26132116 1
 181 2.4863048 0.26132116 0
 2 4.890738 1.0395584 1
 62 4.890738 1.0395584 0
 122 2.445369 0.5197792 1
 182 2.445369 0.5197792 0
 3 4.7552824 1.545085 1
 63 4.7552824 1.545085 0
 123 2.3776412 0.7725425 1
 183 2.3776412 0.7725425 0
 4 4.567727 2.0336833 1
 64 4.567727 2.0336833 0
 124 2.2838635 1.0168417 1
 184 2.2838635 1.0168417 0
 5 4.3301272 2.5 1
 65 4.3301272 2.5 0
 125 2.1650636 1.25 1
 185 2.1650636 1.25 0
 6 4.045085 2.9389262 1
 66 4.045085 2.9389262 0
 126 2.0225425 1.4694631 1
 186 2.0225425 1.4694631 0
 7 3.7157242 3.345653 1
 67 3.7157242 3.345653 0
 127 1.8578621 1.6728265 1
 187 1.8578621 1.6728265 0
 8 3.345653 3.7157242 1
 68 3.345653 3.7157242 0
 128 1.6728265 1.8578621 1
 188 1.6728265 1.8578621 0
 9 2.9389262 4.045085 1
 69 2.9389262 4.045085 0
 129 1.4694631 2.0225425 1
 189 1.4694631 2.0225425 0
 10 2.5 4.3301272 1
 70 2.5 4.3301272 0
 130 1.25 2.1650636 1
 190 1.25 2.1650636 0
 11 2.0336833 4.567727 1
 71 2.0336833 4.567727 0
 131 1.0168417 2.2838635 1
 191 1.0168417 2.2838635 0
 12 1.545085 4.7552824 1
 72 1.545085 4.7552824 0
 132 0.7725425 2.3776412 1
 192 0.7725425 2.3776412 0
 13 1.0395584 4.890738 1
 73 1.0395584 4.890738 0
 133 0.5197792 2.445369 1
 193 0.5197792 2.445369 0
 14 0.5226423 4.9726095 1
 74 0.5226423 4.9726095 0
 134 0.26132116 2.4863048 1
 194 0.26132116 2.4863048 0
 15 0.0 5.0 1
 75 0.0 5.0 0
 135 0.0 2.5 1
 195 0.0 2.5 0
 16 -0.5226423 4.9726095 1
 76 -0.5226423 4.9726095 0
 136 -0.26132116 2.4863048 1
 196 -0.26132116 2.4863048 0
 17 -1.0395584 4.890738 1
 77 -1.0395584 4.890738 0
 137 -0.5197792 2.445369 1
 197 -0.5197792 2.445369 0
 18 -1.545085 4.7552824 1
 78 -1.545085 4.7552824 0
 138 -0.7725425 2.3776412 1
 198 -0.7725425 2.3776412 0
 19 -2.0336833 4.567727 1
 79 -2.0336833 4.567727 0
 139 -1.0168417 2.2838635 1
 199 -1.0168417 2.2838635 0
 20 -2.5 4.3301272 1
 80 -2.5 4.3301272 0
 140 -1.25 2.1650636 1
 200 -1.25 2.1650636 0
 21 -2.9389262 4.045085 1
 81 -2.9389262 4.045085 0
 141 -1.4694631 2.0225425 1
 201 -1.4694631 2.0225425 0
 22 -3.345653 3.7157242 1
 82 -3.345653 3.7157242 0
 142 -1.6728265 1.8578621 1
 202 -1.6728265 1.8578621 0
 23 -3.7157242 3.345653 1
 83 -3.7157242 3.345653 0
 143 -1.8578621 1.6728265 1
 203 -1.8578621 1.6728265 0
 24 -4.045085 2.9389262 1
 84 -4.045085 2.9389262 0
 144 -2.0225425 1.4694631 1
 204 -2.0225425 1.4694631 0
 25 -4.3301272 2.5 1
 85 -4.3301272 2.5 0
 145 -2.1650636 1.25 1
 205 -2.1650636 1.25 0
 26 -4.567727 2.0336833 1
 86 -4.567727 2.0336833 0
 146 -2.2838635 1.0168417 1
 206 -2.2838635 1.0168417 0
 27 -4.7552824 1.545085 1
 87 -4.7552824 1.545085 0
 147 -2.3776412 0.7725425 1
 207 -2.3776412 0.7725425 0
 28 -4.890738 1.0395584 1
 88 -4.890738 1.0395584 0
 148 -2.445369 0.5197792 1
 208 -2.445369 0.5197792 0
 29 -4.9726095 0.5226423 1
 89 -4.9726095 0.5226423 0
 149 -2.4863048 0.26132116 1
 209 -2.4863048 0.26132116 0
 30 -5.0 0.0 1
 90 -5.0 0.0 0
 150 -2.5 0.0 1
 210 -2.5 0.0 0
 31 -4.9726095 -0.5226423 1
 91 -4.9726095 -0.5226423 0
 151 -2.4863048 -0.26132116 1
 211 -2.4863048 -0.26132116 0
 32 -4.890738 -1.0395584 1
 92 -4.890738 -1.0395584 0
 152 -2.445369 -0.5197792 1
 212 -2.445369 -0.5197792 0
 33 -4.7552824 -1.545085 1
 93 -4.7552824 -1.545085 0
 153 -2.3776412 -0.7725425 1
 213 -2.3776412 -0.7725425 0
 34 -4.567727 -2.0336833 1
 94 -4.567727 -2.0336833 0
 154 -2.2838635 -1.0168417 1
 214 -2.2838635 -1.0168417 0
 35 -4.3301272 -2.5 1
 95 -4.3301272 -2.5 0
 155 -2.1650636 -1.25 1
 215 -2.1650636 -1.25 0
 36 -4.045085 -2.9389262 1
 96 -4.045085 -2.9389262 0
 156 -2.0225425 -1.4694631 1
 216 -2.0225425 -1.4694631 0
 37 -3.7157242 -3.345653 1
 97 -3.7157242 -3.345653 0
 157 -1.8578621 -1.6728265 1
 217 -1.8578621 -1.6728265 0
 38 -3.345653 -3.7157242 1
 98 -3.345653 -3.7157242 0
 158 -1.6728265 -1.8578621 1
 218 -1.6728265 -1.8578621 0
 39 -2.9389262 -4.045085 1
 99 -2.9389262 -4.045085 0
 159 -1.4694631 -2.0225425 1
 219 -1.4694631 -2.0225425 0
 40 -2.5 -4.3301272 1
 100 -2.5 -4.3301272 0
 160 -1.25 -2.1650636 1
 220 -1.25 -2.1650636 0
 41 -2.0336833 -4.567727 1
 101 -2.0336833 -4.567727 0
 161 -1.0168417 -2.2838635 1
 221 -1.0168417 -2.2838635 0
 42 -1.545085 -4.7552824 1
 102 -1.545085 -4.7552824 0
 162 -0.7725425 -2.3776412 1
 222 -0.7725425 -2.3776412 0
 43 -1.0395584 -4.890738 1
 103 -1.0395584 -4.890738 0
 163 -0.5197792 -2.445369 1
 223 -0.5197792 -2.445369 0
 44 -0.5226423 -4.9726095 1
 104 -0.5226423 -4.9726095 0
 164 -0.26132116 -2.4863048 1
 224 -0.26132116 -2.4863048 0
 45 0.0 -5.0 1
 105 0.0 -5.0 0
 165 0.0 -2.5 1
 225 0.0 -2.5 0
 46 0.5226423 -4.9726095 1
 106 0.5226423 -4.9726095 0
 166 0.26132116 -2.4863048 1
 226 0.26132116 -2.4863048 0
 47 1.0395584 -4.890738 1
 107 1.0395584 -4.890738 0
 167 0.5197792 -2.445369 1
 227 0.5197792 -2.445369 0
 48 1.545085 -4.7552824 1
 108 1.545085 -4.7552824 0
 168 0.7725425 -2.3776412 1
 228 0.7725425 -2.3776412 0
 49 2.0336833 -4.567727 1
 109 2.0336833 -4.567727 0
 169 1.0168417 -2.2838635 1
 229 1.0168417 -2.2838635 0
 50 2.5 -4.3301272 1
 110 2.5 -4.3301272 0
 170 1.25 -2.1650636 1
 230 1.25 -2.1650636 0
 51 2.9389262 -4.045085 1
 111 2.9389262 -4.045085 0
 171 1.4694631 -2.0225425 1
 231 1.4694631 -2.0225425 0
 52 3.345653 -3.7157242 1
 112 3.345653 -3.7157242 0
 172 1.6728265 -1.8578621 1
 232 1.6728265 -1.8578621 0
 53 3.7157242 -3.345653 1
 113 3.7157242 -3.345653 0
 173 1.8578621 -1.6728265 1
 233 1.8578621 -1.6728265 0
 54 4.045085 -2.9389262 1
 114 4.045085 -2.9389262 0
 174 2.0225425 -1.4694631 1
 234 2.0225425 -1.4694631 0
 55 4.3301272 -2.5 1
 115 4.3301272 -2.5 0
 175 2.1650636 -1.25 1
 235 2.1650636 -1.25 0
 56 4.567727 -2.0336833 1
 116 4.567727 -2.0336833 0
 176 2.2838635 -1.0168417 1
 236 2.2838635 -1.0168417 0
 57 4.7552824 -1.545085 1
 117 4.7552824 -1.545085 0
 177 2.3776412 -0.7725425 1
 237 2.3776412 -0.7725425 0
 58 4.890738 -1.0395584 1
 118 4.890738 -1.0395584 0
 178 2.445369 -0.5197792 1
 238 2.445369 -0.5197792 0
 59 4.9726095 -0.5226423 1
 119 4.9726095 -0.5226423 0
 179 2.4863048 -0.26132116 1
 239 2.4863048 -0.26132116 0
 60 5.0 0.0 1
 120 5.0 0.0 0
 180 2.5 0.0 1
 240 2.5 0.0 0
Faces:
 1 2 3 4 5 6 7 8 9 10 11 12 13 14 15 16 17 18 19 20 21 22 23 24 25 26 27 28 29 30 31 32 33 34 35 36 37 38 39 40 41 42 43 44 45 46 47 48 49 50 51 52 53 54 55 56 57 58 59 60 -180 179 178 177 176 175 174 173 172 171 170 169 168 167 166 165 164 163 162 161 160 159 158 157 156 155 154 153 152 151 150 149 148 147 146 145 144 143 142 141 140 139 138 137 136 135 134 133 132 131 130 129 128 127 126 125 124 123 122 121 180 -60.
 120 119 118 117 116 115 114 113 112 111 110 109 108 107 106 105 104 103 102 101 100 99 98 97 96 95 94 93 92 91 90 89 88 87 86 85 84 83 82 81 80 79 78 77 76 75 74 73 72 71 70 69 68 67 66 65 64 63 62 61 -181 182 183 184 185 186 187 188 189 190 191 192 193 194 195 196 197 198 199 200 201 202 203 204 205 206 207 208 209 210 211 212 213 214 215 216 217 218 219 220 221 222 223 224 225 226 227 228 229 230 231 232 233 234 235 236 237 238 239 240 181 -61.
 2 1 61 62.
 121 122 182 181.
 3 2 62 63.
 122 123 183 182.
 4 3 63 64.
 123 124 184 183.
 5 4 64 65.
 124 125 185 184.
 6 5 65 66.
 125 126 186 185.
 7 6 66 67.
 126 127 187 186.
 8 7 67 68.
 127 128 188 187.
 9 8 68 69.
 128 129 189 188.
 10 9 69 70.
 129 130 190 189.
 11 10 70 71.
 130 131 191 190.
 12 11 71 72.
 131 132 192 191.
 13 12 72 73.
 132 133 193 192.
 14 13 73 74.
 133 134 194 193.
 15 14 74 75.
 134 135 195 194.
 16 15 75 76.
 135 136 196 195.
 17 16 76 77.
 136 137 197 196.
 18 17 77 78.
 137 138 198 197.
 19 18 78 79.
 138 139 199 198.
 20 19 79 80.
 139 140 200 199.
 21 20 80 81.
 140 141 201 200.
 22 21 81 82.
 141 142 202 201.
 23 22 82 83.
 142 143 203 202.
 24 23 83 84.
 143 144 204 203.
 25 24 84 85.
 144 145 205 204.
 26 25 85 86.
 145 146 206 205.
 27 26 86 87.
 146 147 207 206.
 28 27 87 88.
 147 148 208 207.
 29 28 88 89.
 148 149 209 208.
 30 29 89 90.
 149 150 210 209.
 31 30 90 91.
 150 151 211 210.
 32 31 91 92.
 151 152 212 211.
 33 32 92 93.
 152 153 213 212.
 34 33 93 94.
 153 154 214 213.
 35 34 94 95.
 154 155 215 214.
 36 35 95 96.
 155 156 216 215.
 37 36 96 97.
 156 157 217 216.
 38 37 97 98.
 157 158 218 217.
 39 38 98 99.
 158 159 219 218.
 40 39 99 100.
 159 160 220 219.
 41 40 100 101.
 160 161 221 220.
 42 41 101 102.
 161 162 222 221.
 43 42 102 103.
 162 163 223 222.
 44 43 103 104.
 163 164 224 223.
 45 44 104 105.
 164 165 225 224.
 46 45 105 106.
 165 166 226 225.
 47 46 106 107.
 166 167 227 226.
 48 47 107 108.
 167 168 228 227.
 49 48 108 109.
 168 169 229 228.
 50 49 109 110.
 169 170 230 229.
 51 50 110 111.
 170 171 231 230.
 52 51 111 112.
 171 172 232 231.
 53 52 112 113.
 172 173 233 232.
 54 53 113 114.
 173 174 234 233.
 55 54 114 115.
 174 175 235 234.
 56 55 115 116.
 175 176 236 235.
 57 56 116 117.
 176 177 237 236.
 58 57 117 118.
 177 178 238 237.
 59 58 118 119.
 178 179 239 238.
 60 59 119 120.
 179 180 240 239.
 1 60 120 61.
 180 121 181 240.
