1 2 -0.5 7.5
2 2 0.5 7.5
3 -2 0.5 7.5
4 -2 -0.5 7.5
5 2 -0.5 8.5
6 2 0.5 8.5
7 -2 0.5 8.5
8 -2 -0.5 8.5
9 0.5 1 -1
10 -0.5 1 -1
11 -0.5 -1 -1
12 0.5 -1 -1
13 0.5 1 -0.5
14 -0.5 1 -0.5
15 -0.5 -1 -0.5
16 0.5 -1 -0.5
17 0.5 2 -1
18 -0.5 2 -1
19 -0.5 1 -1
20 0.5 1 -1
21 0.5 2 0
22 -0.5 2 0
23 -0.5 1 0
24 0.5 1 0
25 0.5 -1 -1
26 -0.5 -1 -1
27 -0.5 -2 -1
28 0.5 -2 -1
29 0.5 -1 0
30 -0.5 -1 0
31 -0.5 -2 0
32 0.5 -2 0
33 0.5 2.5 7.5
34 0.5 3 7.5
35 -0.5 3 7.5
36 -0.5 2.5 7.5
37 0.5 2.5 8
38 0.5 3 8
39 -0.5 3 8
40 -0.5 2.5 8
41 1 2.5 7.5
42 1 3.5 7.5
43 0.5 3.5 7.5
44 0.5 2.5 7.5
45 1 2.5 8
46 1 3.5 8
47 0.5 3.5 8
48 0.5 2.5 8
49 -0.5 2.5 7.5
50 -0.5 3.5 7.5
51 -1 3.5 7.5
52 -1 2.5 7.5
53 -0.5 2.5 8
54 -0.5 3.5 8
55 -1 3.5 8
56 -1 2.5 8
57 2 2.5 7.5
58 2 3.5 7.5
59 1 3.5 7.5
60 1 2.5 7.5
61 2 2.5 8.5
62 2 3.5 8.5
63 1 3.5 8.5
64 1 2.5 8.5
65 -1 2.5 7.5
66 -1 3.5 7.5
67 -2 3.5 7.5
68 -2 2.5 7.5
69 -1 2.5 8.5
70 -1 3.5 8.5
71 -2 3.5 8.5
72 -2 2.5 8.5
73 0.5 0 -0.5
74 0.5 1 -0.5
75 -0.5 1 -0.5
76 -0.5 0 -0.5
77 0.5 0 0
78 0.5 1 0
79 -0.5 1 0
80 -0.5 0 0
81 1 0.5 -0.5
82 1 1 -0.5
83 0.5 1 -0.5
84 0.5 0.5 -0.5
85 1 0.5 0.5
86 1 1 0.5
87 0.5 1 0.5
88 0.5 0.5 0.5
89 -0.5 0.5 -0.5
90 -0.5 1 -0.5
91 -1 1 -0.5
92 -1 0.5 -0.5
93 -0.5 0.5 0.5
94 -0.5 1 0.5
95 -1 1 0.5
96 -1 0.5 0.5
97 2 0 -0.5
98 2 1 -0.5
99 1 1 -0.5
100 1 0 -0.5
101 2 0 0.5
102 2 1 0.5
103 1 1 0.5
104 1 0 0.5
105 -1 0 -0.5
106 -1 1 -0.5
107 -2 1 -0.5
108 -2 0 -0.5
109 -1 0 0.5
110 -1 1 0.5
111 -2 1 0.5
112 -2 0 0.5
113 1 -2.5 2
114 0 -2.5 2
115 0 -2.5 0.5
116 1 -2.5 0.5
117 1 -3.5 2
118 0 -3.5 2
119 2.38419e-007 -3.5 0.5
120 1 -3.5 0.5
121 1 -2.5 0.5
122 0 -2.5 0.5
123 2.38419e-007 -2.5 0
124 1 -2.5 0
125 1 -3 0.5
126 0 -3 0.5
127 2.38419e-007 -3 0
128 1 -3 0
129 1 -2.5 0
130 0.5 -2.5 0
131 0.5 -2.5 -0.5
132 1 -2.5 -0.5
133 1 -3 0
134 0.5 -3 0
135 0.5 -3 -0.5
136 1 -3 -0.5
137 1 -2.5 -0.5
138 0.5 -2.5 -0.5
139 0.5 -2.5 -1
140 1 -2.5 -1
141 1 -3.5 -0.5
142 0.5 -3.5 -0.5
143 0.5 -3.5 -1
144 1 -3.5 -1
145 1 -2.5 -1
146 2.38419e-007 -2.5 -1
147 2.38419e-007 -2.5 -2
148 1 -2.5 -2
149 1 -3.5 -1
150 2.38419e-007 -3.5 -1
151 2.38419e-007 -3.5 -2
152 1 -3.5 -2
153 2 7 7.5
154 2 8 7.5
155 0.5 8 7.5
156 0.5 7 7.5
157 2 7 8.5
158 2 8 8.5
159 0.5 8 8.5
160 0.5 7 8.5
161 0.5 7 7.5
162 0.5 8 7.5
163 0 8 7.5
164 0 7 7.5
165 0.5 7 8
166 0.5 8 8
167 0 8 8
168 0 7 8
169 0 7.5 7.5
170 0 8 7.5
171 -0.5 8 7.5
172 -0.5 7.5 7.5
173 0 7.5 8
174 0 8 8
175 -0.5 8 8
176 -0.5 7.5 8
177 -0.5 7.5 7.5
178 -0.5 8 7.5
179 -1 8 7.5
180 -1 7.5 7.5
181 -0.5 7.5 8.5
182 -0.5 8 8.5
183 -1 8 8.5
184 -1 7.5 8.5
185 -1 7 7.5
186 -1 8 7.5
187 -2 8 7.5
188 -2 7 7.5
189 -1 7 8.5
190 -1 8 8.5
191 -2 8 8.5
192 -2 7 8.5
Faces:
 1 2 6 5.
 2 3 7 6.
 3 4 8 7.
 4 1 5 8.
 1 4 3 2.
 5 6 7 8.
 9 10 14 13.
 10 11 15 14.
 11 12 16 15.
 12 9 13 16.
 9 12 11 10.
 13 14 15 16.
 17 18 22 21.
 18 19 23 22.
 19 20 24 23.
 20 17 21 24.
 17 20 19 18.
 21 22 23 24.
 25 26 30 29.
 26 27 31 30.
 27 28 32 31.
 28 25 29 32.
 25 28 27 26.
 29 30 31 32.
 33 34 38 37.
 34 35 39 38.
 35 36 40 39.
 36 33 37 40.
 33 36 35 34.
 37 38 39 40.
 41 42 46 45.
 42 43 47 46.
 43 44 48 47.
 44 41 45 48.
 41 44 43 42.
 45 46 47 48.
 49 50 54 53.
 50 51 55 54.
 51 52 56 55.
 52 49 53 56.
 49 52 51 50.
 53 54 55 56.
 57 58 62 61.
 58 59 63 62.
 59 60 64 63.
 60 57 61 64.
 57 60 59 58.
 61 62 63 64.
 65 66 70 69.
 66 67 71 70.
 67 68 72 71.
 68 65 69 72.
 65 68 67 66.
 69 70 71 72.
 73 74 78 77.
 74 75 79 78.
 75 76 80 79.
 76 73 77 80.
 73 76 75 74.
 77 78 79 80.
 81 82 86 85.
 82 83 87 86.
 83 84 88 87.
 84 81 85 88.
 81 84 83 82.
 85 86 87 88.
 89 90 94 93.
 90 91 95 94.
 91 92 96 95.
 92 89 93 96.
 89 92 91 90.
 93 94 95 96.
 97 98 102 101.
 98 99 103 102.
 99 100 104 103.
 100 97 101 104.
 97 100 99 98.
 101 102 103 104.
 105 106 110 109.
 106 107 111 110.
 107 108 112 111.
 108 105 109 112.
 105 108 107 106.
 109 110 111 112.
 113 114 118 117.
 114 115 119 118.
 115 116 120 119.
 116 113 117 120.
 113 116 115 114.
 117 118 119 120.
 121 122 126 125.
 122 123 127 126.
 123 124 128 127.
 124 121 125 128.
 121 124 123 122.
 125 126 127 128.
 129 130 134 133.
 130 131 135 134.
 131 132 136 135.
 132 129 133 136.
 129 132 131 130.
 133 134 135 136.
 137 138 142 141.
 138 139 143 142.
 139 140 144 143.
 140 137 141 144.
 137 140 139 138.
 141 142 143 144.
 145 146 150 149.
 146 147 151 150.
 147 148 152 151.
 148 145 149 152.
 145 148 147 146.
 149 150 151 152.
 153 154 158 157.
 154 155 159 158.
 155 156 160 159.
 156 153 157 160.
 153 156 155 154.
 157 158 159 160.
 161 162 166 165.
 162 163 167 166.
 163 164 168 167.
 164 161 165 168.
 161 164 163 162.
 165 166 167 168.
 169 170 174 173.
 170 171 175 174.
 171 172 176 175.
 172 169 173 176.
 169 172 171 170.
 173 174 175 176.
 177 178 182 181.
 178 179 183 182.
 179 180 184 183.
 180 177 181 184.
 177 180 179 178.
 181 182 183 184.
 185 186 190 189.
 186 187 191 190.
 187 188 192 191.
 188 185 189 192.
 185 188 187 186.
 189 190 191 192.
Groups:
6
 1 2 3 4 5 6 7 8!
 9 10 11 12 13 14 15 16 17 18
 19 20 21 22 23 24 25 26 27 28
 29 30 31 32!
 33 34 35 36 37 38 39 40 41 42
 43 44 45 46 47 48 49 50 51 52
 53 54 55 56 57 58 59 60 61 62
 63 64 65 66 67 68 69 70 71 72!
 73 74 75 76 77 78 79 80 81 82
 83 84 85 86 87 88 89 90 91 92
 93 94 95 96 97 98 99 100 101 102
 103 104 105 106 107 108 109 110 111 112!
 113 114 115 116 117 118 119 120 121 122
 123 124 125 126 127 128 129 130 131 132
 133 134 135 136 137 138 139 140 141 142
 143 144 145 146 147 148 149 150 151 152!
 153 154 155 156 157 158 159 160 161 162
 163 164 165 166 167 168 169 170 171 172
 173 174 175 176 177 178 179 180 181 182
 183 184 185 186 187 188 189 190 191 192!
